1.849953337963196609e-01
1.220791153064167828e-01
1.207852834967050315e-01
1.228427194437151510e-01
9.455383373759802534e-01
9.166822349592029795e-01
3.093723093842067895e-01
9.361829914021013721e-03
2.275558602520606766e-01
1.893130713175711632e-01
1.697399271602886006e-01
1.204080283785077671e-01
8.265533099532218486e-01
9.178534931411538866e-02
8.516397137795387318e-01
3.987170063430517386e-02
2.916344816415555874e-01
1.510439877980487844e-01
2.708835857533166691e-01
6.273139763444507411e-02
1.450786927083114741e-01
2.209632019640484224e-01
1.217282309852345951e-01
4.457694353603398885e-02
2.213137546093186248e-01
2.223133600074233829e-01
3.785960663552684347e-01
9.805251710505002993e-02
9.844233682964752263e-02
1.150523487669962014e-01
4.122508264018688307e-01
5.835676369521142215e-01
7.013397235469347180e-02
1.849199339525260388e-01
7.390333519817009200e-02
2.900645567048357187e-01
3.640263853185423670e-01
2.808386177503575110e-01
1.038725373185878653e-01
1.818640948021826853e-02
2.285281406293775686e-01
6.809466479580236764e-02
2.028854515275636816e-01
3.156093254718488339e-01
8.909837287043009812e-02
2.237065374953622621e-01
2.562076747457950332e-01
3.695713821039763036e-02
1.410424749423898616e-01
1.568386884847447760e-01
9.317855755325075151e-01
7.358836243389834664e-01
7.833305536421947268e-01
8.592675208406636012e-01
5.865927228934776361e-01
8.451064952172457900e-01
9.096532645879564782e-01
6.675485729388080935e-01
6.507423247140726730e-01
9.565950933272545642e-01
8.962023761185582416e-01
4.227020740207215188e-01
9.773337772523212896e-01
6.752938634585576860e-01
5.098909783257872252e-01
9.794628855105931287e-01
9.524517947107902227e-01
8.125922125115722094e-01
9.021820086755798496e-01
4.216910684263189268e-01
6.252297764873446795e-01
4.783866352161887381e-01
3.509581962519788823e-01
9.847919195976815310e-01
2.575119945501321839e-01
8.466291335983924249e-01
8.244665108900806061e-01
7.249136108070145523e-01
8.390147432197292421e-02
7.632555600825318143e-01
7.534911264891063221e-01
8.903322709138821178e-01
8.931204499595779556e-01
9.624907499097895558e-01
7.666126826327036570e-01
9.547908339562359847e-01
9.955925620700197820e-01
4.095736104273898226e-01
9.809345620424821943e-01
8.975747114456649189e-01
7.353312156993744297e-01
4.907089544429928396e-01
5.643886822644923473e-01
8.609824539022294942e-01
2.190553037710981366e-01
9.477372885409662828e-01
8.910611597488975466e-01
6.731991938597479130e-01
8.274172566817076246e-01
9.788009697102010298e-01
