8.395905142632928420e-02
4.127474977508546750e-01
2.118094104640161623e-01
6.138587879452037099e-02
4.316272162210996188e-01
1.892561851062974920e-01
9.996471730240990006e-01
1.700224202220765035e-01
4.510928148417221034e-02
3.194437691068795493e-01
8.113774406354233859e-01
6.280052973983918374e-02
2.777037133956802850e-01
1.717340822057849548e-01
9.388549732031684636e-01
6.148189734992881572e-02
2.134253049316386652e-01
3.052310206851397978e-01
7.764684253713048934e-01
1.797198617092764794e-01
2.535053608194628438e-01
4.592825783731279560e-02
1.907898460424476972e-01
3.624216270159799080e-01
1.158860843550292424e-01
3.031924934784662740e-01
4.170681467237963846e-01
3.637059713704211134e-02
3.273328428123718770e-02
1.249457505476209151e-01
4.877989008729967380e-02
8.181546626536714828e-02
4.169695829318601638e-02
2.281170657086800391e-01
7.361964332986038473e-01
3.598742111507891583e-01
7.438386523982222498e-02
4.661250944288272691e-01
1.009596822899875568e-01
4.905078929106652941e-02
2.394332082078711177e-01
4.266533413964697097e-01
7.963051705231270760e-02
9.596472267216572816e-02
9.144104634872840531e-01
4.383916139415659774e-02
1.643796562537351014e-01
8.681197575202820316e-02
7.182850097019055635e-02
2.407152513242499792e-01
9.997969348034316805e-01
1.932322135236116678e-01
9.996727589199582154e-01
3.894795521572635422e-01
8.518373732045083635e-01
8.968113748380736050e-01
7.202721416656914233e-01
6.053466696780077649e-01
6.427848509686940881e-01
9.497304660707143187e-01
8.275765228108992178e-01
8.430963508294677666e-01
1.820338915541478697e-01
8.807313420544229388e-01
9.644594097457774851e-01
6.514059246508412393e-01
8.289144615350909628e-01
9.986069504539742958e-01
3.793487226313723149e-01
9.482520791773219049e-01
9.774244086097936268e-01
3.118115951126375629e-01
6.300748685452950415e-01
4.262022474224831381e-01
8.020873870112295023e-01
9.912836017866899496e-01
7.102157301061496897e-01
4.702087207734518826e-01
9.820117305323934342e-01
2.498708403672273981e-01
1.602604830745715248e-01
9.998601128207125210e-01
9.681688044709715335e-01
9.343402462471659398e-01
5.085322634486362237e-01
8.780018336013216684e-01
8.046773702617189272e-01
6.498029884760184727e-01
7.525089868982312025e-01
9.999454554726517896e-01
2.342785725854244772e-01
7.147137626919064513e-01
6.953308880671182912e-01
8.041847088787821285e-01
8.354013748988727839e-01
5.220584791672640002e-01
5.029738557814021904e-01
7.232956640366019485e-01
9.979439320225363952e-01
4.142511836155003402e-01
