1.281251906879360414e-01
1.726280947900302100e-04
2.606736277822820671e-05
6.696183019783479246e-05
2.102302420074218044e-04
2.092888623656034581e-03
5.703570786236252573e-04
5.607811587520090339e-08
5.839417360394814644e-04
4.059833714261302654e-06
1.085993324249638121e-04
2.949780126228645528e-04
1.862019520877359171e-03
3.459228850121171656e-04
4.731772197898729910e-06
8.443283071570927001e-02
2.056114588161655216e-05
1.436798066005716546e-05
2.056242969699087746e-03
1.486156380332186429e-06
6.688798093686712888e-07
8.804507357693376699e-04
4.801571123227012065e-04
1.146813405322026115e-02
1.369792936213971635e-07
4.242106319055344532e-08
2.321340197411217863e-05
1.685932576161111238e-02
1.583168680070376320e-05
9.293945121896100003e-01
4.146542234500527092e-03
2.766349754917736089e-05
8.665205725381191479e-07
1.299005412754942504e-05
5.470809493529707641e-03
1.126328030783589661e-03
3.172328347379949065e-02
4.271652182593259073e-01
4.486191176569574279e-05
1.106512351103064184e-05
1.031036516446151184e-03
2.448313622931014649e-05
1.994413615363431200e-06
3.157749733132232499e-03
5.533192506575792527e-05
3.753243705446491444e-03
2.468412956583375667e-06
2.752346920913955005e-08
1.703736391945170079e-04
9.586992886019112259e-01
1.276076600121256411e-03
2.766457628210243491e-02
8.692100310257454637e-06
1.430845624289281111e-03
1.460547220459118382e-02
6.612631934700195572e-07
5.372313286692890436e-04
7.193710322697610899e-04
1.163975216712084077e-03
1.116351989758335286e-04
3.354781025382481312e-04
2.548862738486630509e-05
5.766408343357279558e-08
9.974952179694982490e-01
9.707078106578709287e-01
8.011184263435806585e-01
7.794146783880859797e-01
9.928068652192004739e-01
9.444963839284904461e-01
9.995912465006655534e-01
9.999631897050801355e-01
9.987757341286130908e-01
9.971670611073066848e-01
9.813085763320267274e-01
9.957093519623992917e-01
7.462509046262791879e-01
9.829993938359516958e-01
9.795258644064005482e-01
9.985516805195399082e-01
5.074758521646538512e-01
9.927710455818585800e-01
9.999650660613490505e-01
9.986710626295229876e-01
9.926976646662046821e-01
9.611373148483741691e-01
6.592806569146325568e-01
9.889545459814721440e-01
9.964442533002484392e-01
9.998440653617477469e-01
9.838096554951337724e-01
8.025539466654810772e-01
9.928234708849454915e-01
9.573745381432630097e-01
9.957447016600062817e-01
9.521114253350341228e-01
9.998327333670843364e-01
9.986982121108842758e-01
9.244097353228656333e-01
9.997098208684113141e-01
9.994203349063750519e-01
9.998633803097415340e-01
9.852382726030877169e-01
9.798792307939800938e-01
9.993518443824728203e-01
6.810846225063277304e-01
9.873447885583715999e-01
9.744878565070166365e-01
9.985506373589174700e-01
9.292691306120168804e-01
9.193138542792391732e-01
9.994133555738909935e-01
8.710769672651620388e-01
9.923617924755320230e-01
9.112955121152943594e-01
5.307463344956074858e-01
9.942904914237448155e-01
9.992069690904469281e-01
9.047915993917675648e-01
9.992971372403428587e-01
9.876685087694868637e-01
9.661677673583601855e-01
9.902797281192179391e-01
9.085827643135714338e-01
9.990394451968191980e-01
9.997888152959173436e-01
2.249387762783933709e-01
